ADD 00055 1 66.01673429311631 1.580080559335896 157.92764844225246 14.863802270553252 1600.8734021845153 4073.096790415903 1
ADD 00051 1 106.09105993853676 0.9089870120415491 198.73247145087348 2.0108557986808036 1933.7194216958123 3830.0903052915187 0
ADD 00210 2 73.03450297655675 0.7588957712873655 103.14472750347497 19.601897666100317 1415.3632319010555 1052.1531151078311 0
ADD 00055 1 109.63041387633092 0.35109682829602384 100.91664152869515 0.7755318489317522 2660.8179273321434 1955.7355680574744 1
ADD 00202 2 58.60727930672907 4.816985927065414 146.77494038848138 15.437115690320075 1466.7368423358125 9852.839817483464 1
ADD 00353 3 79.84075846977572 3.6204343570234294 241.56939821784044 19.059151385856477 1366.871477441724 4801.365979005075 1
ADD 00654 5 69.87914608935354 0.5426825177790402 183.3657786841032 2.4122192172661614 1715.1931487991446 2531.3398035860737 1
ADD 00508 4 84.50944079418535 2.731865890488203 262.12098366199905 15.765161231643162 1710.8398005863078 5958.34092694514 0
ADD 00207 2 143.5785109323307 0.3305081126853272 234.37453838042325 0.7478374933715597 2658.966158187872 7854.17377544677 1
ADD 00205 2 112.16585172704654 4.528611023412288 135.92416638285107 17.086301958985715 1106.4993959543704 5486.832343027996 0
ADD 00059 1 125.7722811041626 0.6081599676555577 153.92173902019266 5.656141560551976 2050.7871504265877 6855.259946997526 1
ADD 00509 4 144.02474531482034 3.8501649572871646 263.6406142670651 19.170695541081482 1256.739806580686 2049.8786832542273 1
ADD 00507 4 135.22263233321354 4.3885439489392395 221.12787380867027 1.5108924255170728 1367.853373497263 7776.965447412774 0
ADD 00060 1 137.14604043779826 3.2819686829427726 165.83230255327084 3.0618511956348264 1952.6592242250279 6292.862696363744 1
ADD 00051 1 74.4132562149143 4.79525945700024 114.6895880280938 2.626229910805554 2460.333493483773 7732.160720883821 0
ADD 00055 1 145.27784092986587 0.513051956984671 275.9019058203894 17.66738299774074 2467.710322843068 3343.059918123221 1
ADD 00356 3 139.0801028654466 4.482681530657123 113.99613902463439 2.740706021104496 2877.131922244911 2035.4015693623064 1
ADD 00509 4 110.9670425310992 1.0872308733551992 224.20820737002913 18.769888684282414 1929.0398562760488 3968.1999169060477 1
ADD 00204 2 112.7340719150683 2.920468704372243 101.87811875533936 19.519428865999128 1792.5448321632248 4088.373120374994 1
ADD 00508 4 90.49775375151128 4.352604654911404 111.64673150130238 10.124240323142413 1675.2840380208988 5037.231757492749 1
ADD 00355 3 94.7301572368044 4.300876609532433 267.8696451878279 4.1220825650730495 1651.5494455353742 6869.16633997631 1
ADD 00206 2 58.2278013239804 1.2954365548805322 249.2460319580977 14.66532554776965 2931.693998855597 303.14929638502065 0
ADD 00504 4 78.10546668384416 2.1610531475848216 101.52679585937061 13.004683853138532 2271.831681578143 2970.973361223544 0
ADD 00654 5 100.00630556025669 4.278891455272397 191.5210787606885 11.590583501942511 1190.570549360789 2623.085384037695 1
ADD 00507 4 122.78359303489322 0.16831594336107863 179.32608901760116 7.55302258527567 2103.5729782309622 645.4725284926093 0
ADD 00655 5 78.06639313688626 1.2188963756817657 248.9996204902374 9.91008327264768 1043.3572730215287 3345.673641624928 0
ADD 00209 2 91.01844594830308 1.2279598091867165 173.41765498813288 18.477412990385986 1069.1958537455598 929.2799370879858 0
ADD 00205 2 79.18311725246757 1.0494412732022707 199.5536874866022 7.5955763364038305 1549.1235895700743 4031.9256844802035 0
ADD 00205 2 70.75914777160035 3.7965907449809118 187.06120460599465 10.614879739226568 2539.1154403998253 3221.0950694579788 1
ADD 00508 4 59.66549820918263 4.331243412017757 147.68469774964194 18.248573912347254 1559.2046977519167 1696.4407742476028 1
ADD 00502 4 138.96496114040417 0.239818742408295 145.46186099303137 12.968239715254066 1317.2802506809376 9833.36969046991 1
ADD 00058 1 126.74937740600478 2.369505946989207 255.1183491077041 13.467767848628318 1650.743759211261 112.56348009352331 0
ADD 00205 2 97.27312823745152 2.2825224297285316 245.45239405404476 14.005435448600197 1967.7416192657622 2330.497724168275 1
ADD 00206 2 68.76927423167842 1.2071993194394262 174.5856437449827 13.083821932917603 2210.6282152127833 9863.259690523555 0
ADD 00352 3 117.59734284978923 3.50361728025985 149.90892985431122 9.866251616067151 1324.0973931005722 2531.0583872906845 1
ADD 00201 2 87.72494101144412 0.7611986555043668 222.83546512941916 6.835357878594125 1508.660649761686 9848.555182737799 0
ADD 00360 3 127.39425153106183 3.2695280844132335 264.5921158496195 15.90005219449777 2665.3886567736336 3085.3401799283574 0
ADD 00052 1 100.97101658299034 0.4954917444276482 182.95398558772268 7.858409804231478 2215.068747616451 1193.792281478314 0
ADD 00507 4 142.64058349402023 1.2310066456039377 130.80012249930047 15.089778426772789 2744.308410419716 2507.992543341118 0
ADD 00651 5 69.69744708668935 0.2114841742312686 250.73029032463342 9.516040722001549 2041.1020058765714 1841.246015996118 0
ADD 00207 2 58.575205529354605 3.8261956323289343 177.44974102532456 3.7918692786751667 2436.3049396005736 1975.5430569793216 1
ADD 00060 1 84.4146350532614 3.4448159678231836 152.35602504560455 13.338693637497057 1609.049379928268 3492.765808777695 0
ADD 00505 4 94.0712020519363 1.8531727226921715 213.77477479547048 14.664622863194472 2273.0436385197777 903.9884841344265 0
ADD 00051 1 124.91049246238393 3.3747725841281953 138.47942253588735 19.85449280582894 1403.5187342616862 7534.300366586891 0
ADD 00056 1 85.77177270855387 2.173498383092204 167.42126064837683 2.839543201512878 2367.008652378642 4333.933722545378 0
ADD 00206 2 56.32021778624099 4.13122975898402 240.5802043649238 19.77968932967068 1560.0308177659826 6152.74312491813 0
ADD 00209 2 57.238281042365394 1.4281351346600428 142.10880102153962 15.455552319713583 1046.8173260791696 7535.7102873831855 0
ADD 00352 3 114.71249524597137 2.4695249780199977 299.460247313439 11.731167163403944 1911.7409688961357 3437.994481369471 0
ADD 00657 5 85.85451844962202 2.49578476280337 123.05061039330178 15.311515611269707 2547.2384927528437 4719.102509555397 1
ADD 00356 3 126.40412634622244 4.178551288143622 169.73147076868463 3.886867627662303 1462.4975768851066 5846.455896349922 1
ADD 00207 2 50.06025198474897 3.8619929043183863 130.81221076621233 8.383978406254386 2481.6415160170286 530.5342746094154 1
ADD 00355 3 124.0077382484495 0.3448423074869118 233.84824646186948 14.968138481754437 2248.7144252664007 2348.293968007655 1
ADD 00355 3 61.55614742798077 1.3796216198983233 282.0683025561024 1.4219101604849773 2981.5189360420945 9101.85893215369 0
ADD 00507 4 88.64231257230003 3.6461422290836976 190.8866702063451 12.404544077691382 2503.8019420253668 8586.280211081148 1
ADD 00054 1 82.3087871264652 0.26033487157700996 111.61537984685728 8.317804632256713 2076.06551723975 6231.151091374036 0
ADD 00352 3 111.02988781774857 3.40329804433225 139.748494811627 1.261991778679524 1972.0855726444308 3793.988724323845 1
ADD 00208 2 137.79013744476742 4.060175863098363 231.81747954186568 19.853818035413777 1780.065859132772 6428.772262862493 0
ADD 00059 1 92.6343802368279 3.179550658924888 115.33608687436436 6.685269031562902 1978.7194411554763 3776.521007387998 1
ADD 00507 4 118.95655297696361 1.5978155043060964 124.39271638557858 1.8298215388378156 1627.3535112682416 5659.01426770289 1
ADD 00357 3 76.97292834688403 2.117786995236093 143.28429922990222 9.547156147885454 1092.842697611395 4051.5122663963066 0
ADD 00507 4 72.45831355349156 2.5567099588348174 270.0146182628074 17.782883298462092 2588.9009748494163 3397.1618896614873 0
ADD 00207 2 77.3131389528444 2.2882716298355503 273.92075421999766 14.91537677682948 2599.4232338892352 4555.179883563148 0
ADD 00359 3 114.80941575833693 2.362861579432938 224.48959558664822 3.0699435126483663 1707.3203823444537 2770.2770473973114 1
ADD 00056 1 98.35821148685366 0.5282131506802766 110.45064041995923 18.595565985542233 1437.858084885535 4462.081112814498 0
ADD 00505 4 101.0347998508201 0.4333181036350847 140.95793733306678 2.1933629965408494 1206.4284242082135 7254.054136171101 0
ADD 00210 2 105.68716792503729 2.8282045170968124 119.56904428227422 2.34083977461218 2385.0680469620206 1892.0300112125371 0
ADD 00653 5 113.34059197720032 4.035276586169399 106.30177618421139 4.07709933522373 1076.340324505022 2159.025267071871 0
ADD 00659 5 108.54332275601688 1.2239141842410381 185.07440994862947 11.72086508988955 2373.488956021318 2054.857542390052 1
ADD 00353 3 137.36178004691527 4.089029385863557 189.4527412621561 13.960510868683809 1300.3455338342792 7882.112558318993 1
ADD 00658 5 108.87927749217079 1.7524534593220742 262.7602694920502 9.315485760826983 2567.039175748142 4878.357882425772 1
ADD 00503 4 88.23248156171616 4.064928856345135 235.6603999434393 19.533968071737647 2915.0456939531477 5628.985996368213 0
ADD 00358 3 135.14918142439944 1.221687971549413 153.43875989547928 18.395215911073514 2186.8828536354636 8246.063952941953 0
ADD 00207 2 117.66614554454861 2.490628470541331 172.34761196553407 10.984210301910487 2272.1472925473677 6859.729389026257 1
ADD 00352 3 101.86612951691706 4.149790850825671 295.04449368702143 0.6293697273816439 1638.4598013342127 4720.002938856959 0
ADD 00054 1 126.9312328512112 3.5002640435931114 246.70387233883574 1.2692811742693018 1478.4071577985972 1411.4372887393233 0
ADD 00202 2 143.53082784761125 4.8647669209470195 214.11897697921597 15.358131139074493 1057.793220813641 1500.682527910082 0
ADD 00505 4 63.20042600033842 1.5430493277118567 290.1425392267056 5.6000090481417 2064.4472953286167 3046.626221180889 0
ADD 00205 2 101.03333200810097 4.133337278082547 152.56589067592955 6.854744963099817 1027.9571551790511 9203.503040012029 1
ADD 00510 4 129.17370454606538 0.37759826673896024 161.57875078496858 2.7564918927245112 1559.5146515681563 9666.275614107912 0
ADD 00504 4 57.38400784619508 4.8500136449113835 297.48068028620366 13.04130340677342 1835.080015123271 4026.5283452753674 0
ADD 00509 4 105.29134225441712 0.21560422521380374 181.9344423727835 5.60884337018294 1101.182650635643 7327.538811440821 1
ADD 00509 4 120.3972597578978 4.738787945201195 234.55579981178622 19.088246921279534 2398.4515685354463 7088.60526550902 0
ADD 00659 5 72.68030221257467 0.26570955066610796 260.4481611242931 12.734818822235157 1680.0798152492916 3767.7635302356402 0
ADD 00206 2 138.11439153118977 3.7811344842283403 216.69823141611818 4.846107212638123 2556.5662416170335 155.34347051557307 1
ADD 00208 2 86.3744093847878 3.405381607691041 284.1766176552155 2.1902975461601475 2404.208189483559 4198.769044161838 0
ADD 00054 1 125.16298000580379 1.9596351951932005 168.71303100613426 4.251440780029467 2854.8530661634404 1038.8734575261358 0
ADD 00358 3 97.71344320749196 4.556569845102107 274.06587593002797 4.257019336352073 1392.0131116414414 7930.294856090497 1
ADD 00204 2 147.37921263121873 4.692202602018913 208.80033672439646 13.349855986031676 1421.6312988984741 2591.6009373877714 1
ADD 00504 4 64.22737398978312 4.458351018496981 251.5370535031613 17.76613538245534 2422.405814941788 4454.705540833896 0
ADD 00055 1 89.03572757761916 4.97189435436444 185.03204828513455 6.269620842379226 2666.1487066832165 463.4618651466829 1
ADD 00202 2 136.7000354553794 2.8885023273708383 127.45802311498181 10.786859413982617 1643.373312903632 8990.376125950008 1
ADD 00510 4 79.62423241886977 3.2114240620961585 197.657612190125 14.22121970306332 1533.2112425804594 9364.90967975183 1
ADD 00052 1 104.06562284885011 2.5097963538306387 102.73896660167894 11.340792063267301 2398.1594088178645 7767.81161032862 1
ADD 00653 5 83.41497764243397 4.69877583737175 122.44143220497337 5.118399762608007 2627.787304049293 188.91808845857835 1
ADD 00355 3 137.18660374486046 3.904540786278509 227.00697197292283 11.563262951928142 2687.8855171715486 2647.225910924818 0
ADD 00660 5 116.68121441393582 4.657256407400383 193.98747394841178 18.702872723263553 2422.3944828932945 3222.690462589631 1
ADD 00510 4 72.40651407518186 4.4459946293930095 123.67187294331386 9.82336301482913 2662.9301497348033 1129.8789143619686 0
ADD 00207 2 81.69077615638429 1.1846967169929374 191.2488502899527 6.2579833847470665 2542.526348804006 6102.143516020838 1
ADD 00657 5 147.83471310618148 1.3754121402893504 248.67975080894072 5.908576772535168 1130.4926603241447 9614.016435267022 0
SEARCH 00353
SEARCH 00207
SEARCH 00358
SEARCH 00360
SEARCH 00210
SEARCH 00059
SEARCH 00507
SEARCH 00510
SEARCH 00509
SEARCH 00153
SEARCH 00117
SEARCH 00131
SEARCH 00152
SEARCH 00061
SEARCH 00198
SEARCH 00178
SEARCH 00088
SEARCH 00099
SEARCH 00255
SEARCH 00251
SEARCH 00282
SEARCH 00275
SEARCH 00288
SEARCH 00309
SEARCH 00240
SEARCH 00232
SEARCH 00348
SEARCH 00400
SEARCH 00402
SEARCH 00379
SEARCH 00481
SEARCH 00458
SEARCH 00467
SEARCH 00378
SEARCH 00494
SEARCH 00450
SEARCH 00597
SEARCH 00570
SEARCH 00510
SEARCH 00644
SEARCH 00610
SEARCH 00606
SEARCH 00579
SEARCH 00594
SEARCH 00562
SEARCH 00775
SEARCH 00674
SEARCH 00778
SEARCH 00767
SEARCH 00773
SEARCH 00751
SEARCH 00780
SEARCH 00703
SEARCH 00682
REPORT MEAN 00352
REPORT MEAN 00504
REPORT MEAN 00056
REPORT MEAN 00356
REPORT MEAN 00504
REPORT MEAN 00355
REPORT MEAN 00206
REPORT MEAN 00509
REPORT MEAN 00051
REPORT MAX 00507
REPORT MAX 00051
REPORT MAX 00653
REPORT MAX 00355
REPORT MAX 00508
REPORT MAX 00507
REPORT MAX 00058
REPORT MAX 00505
REPORT MAX 00504
REPORT MIN 00204
REPORT MIN 00356
REPORT MIN 00059
REPORT MIN 00355
REPORT MIN 00353
REPORT MIN 00052
REPORT MIN 00207
REPORT MIN 00358
REPORT MIN 00507
REMOVE 00201
REMOVE 00060
REMOVE 00206
REMOVE 00207
REMOVE 00352
REMOVE 00208
REMOVE 00360
REMOVE 00507
REMOVE 00207
REMOVE 00129
REMOVE 00092
REMOVE 00096
REMOVE 00121
REMOVE 00142
REMOVE 00154
REMOVE 00134
REMOVE 00107
REMOVE 00140
REMOVE 00254
REMOVE 00292
REMOVE 00270
REMOVE 00294
REMOVE 00317
REMOVE 00247
REMOVE 00246
REMOVE 00278
REMOVE 00314
REMOVE 00408
REMOVE 00486
REMOVE 00393
REMOVE 00363
REMOVE 00377
REMOVE 00395
REMOVE 00472
REMOVE 00468
REMOVE 00462
REMOVE 00551
REMOVE 00629
REMOVE 00567
REMOVE 00569
REMOVE 00621
REMOVE 00554
REMOVE 00618
REMOVE 00541
REMOVE 00608
REMOVE 00784
REMOVE 00757
REMOVE 00712
REMOVE 00763
REMOVE 00764
REMOVE 00763
REMOVE 00779
REMOVE 00727
REMOVE 00792
END
